Webots Project File version 8.3.1
perspectives: 000000ff00000000fd000000030000000000000101000003c0fc0200000001fb00000012005300630065006e006500540072006500650100000015000003c0000000000000000000000001000001b700000308fc0200000001fb0000001400540065007800740045006400690074006f00720100000015000003080000009d00ffffff000000030000077c000000dafc0100000001fb0000000e0043006f006e0073006f006c006501000000000000077c0000005400ffffff000005bf0000030800000004000000040000000100000008fc00000000
simulationViewPerspectives: 000000ff0000000100000002000001ac0000030b0100000006010000000101
sceneTreePerspectives: 000000ff0000000100000002000000c00000014f0100000006010000000201
minimizedPerspectives: 000000ff00000000fd000000030000000000000109000003c1fc0200000001fb00000012005300630065006e006500540072006500650000000015000003c1000000f100ffffff000000010000007f000002e1fc0200000001fb0000001400540065007800740045006400690074006f00720000000015000002e10000003700ffffff00000003000005a6000000dafc0100000001fb0000000e0043006f006e0073006f006c00650100000000000005a60000004700ffffff000005a6000002e100000004000000040000000100000008fc00000000
maximizedDockId: -1
centralWidgetVisible: 1
orthographicViewHeight: 1
textFiles: 0 "controllers/BangBangB/BangBangB.java"
renderingDevicePerspectives: 252;1;1;0.0259117;0.0284722
